# 64 Lloyd-Max centroids for N(0, 1/128), seed=20260501
# centroids
-0.327437
-0.284078
-0.255606
-0.233525
-0.215819
-0.200688
-0.187341
-0.175216
-0.164210
-0.153999
-0.144379
-0.135361
-0.126790
-0.118594
-0.110736
-0.103112
-0.095751
-0.088629
-0.081715
-0.074960
-0.068341
-0.061863
-0.055458
-0.049171
-0.042989
-0.036899
-0.030878
-0.024898
-0.018954
-0.013056
-0.007228
-0.001401
+0.004412
+0.010200
+0.015970
+0.021799
+0.027649
+0.033535
+0.039479
+0.045485
+0.051582
+0.057717
+0.063950
+0.070345
+0.076853
+0.083555
+0.090426
+0.097493
+0.104808
+0.112369
+0.120267
+0.128476
+0.137041
+0.146098
+0.155672
+0.166015
+0.177159
+0.189370
+0.202807
+0.218014
+0.235939
+0.257616
+0.286749
+0.331903
# midpoints
-0.305758
-0.269842
-0.244566
-0.224672
-0.208254
-0.194015
-0.181279
-0.169713
-0.159104
-0.149189
-0.139870
-0.131076
-0.122692
-0.114665
-0.106924
-0.099432
-0.092190
-0.085172
-0.078338
-0.071651
-0.065102
-0.058660
-0.052315
-0.046080
-0.039944
-0.033888
-0.027888
-0.021926
-0.016005
-0.010142
-0.004314
+0.001506
+0.007306
+0.013085
+0.018884
+0.024724
+0.030592
+0.036507
+0.042482
+0.048533
+0.054649
+0.060834
+0.067148
+0.073599
+0.080204
+0.086991
+0.093960
+0.101151
+0.108589
+0.116318
+0.124371
+0.132758
+0.141569
+0.150885
+0.160844
+0.171587
+0.183265
+0.196088
+0.210411
+0.226977
+0.246778
+0.272183
+0.309326
