# 32 Lloyd-Max centroids for N(0, 1/128), seed=20260501
# centroids
-0.280046
-0.228890
-0.195739
-0.170081
-0.148859
-0.130328
-0.113806
-0.098741
-0.084868
-0.071941
-0.059729
-0.048099
-0.036970
-0.026181
-0.015619
-0.005256
+0.005081
+0.015500
+0.026106
+0.036965
+0.048163
+0.059803
+0.072057
+0.085019
+0.098917
+0.114014
+0.130656
+0.149279
+0.170754
+0.196556
+0.230482
+0.281516
# midpoints
-0.254468
-0.212314
-0.182910
-0.159470
-0.139594
-0.122067
-0.106274
-0.091804
-0.078404
-0.065835
-0.053914
-0.042535
-0.031575
-0.020900
-0.010438
-0.000087
+0.010290
+0.020803
+0.031535
+0.042564
+0.053983
+0.065930
+0.078538
+0.091968
+0.106466
+0.122335
+0.139968
+0.160016
+0.183655
+0.213519
+0.255999
